   1   128        85   I_11349/ZN (1609)
   2   128        85   I_173/ZN (1790)
   3   128        85   I_679/ZN (1963)
   4   128        85   I_469/ZN (2134)
   5   128        85   I_807/ZN (2305)
   6   128        85   I_979/ZN (2541)
   7   128        85   I_893/ZN (2712)
   8   128        85   I_1064/ZN (2883)
   9   128        85   I_1234/ZN (3054)
  10   128        85   I_1149/ZN (3225)
  11   128        85   I_1319/ZN (3396)
  12   128        85   I_1489/ZN (3567)
  13   128        85   I_1404/ZN (3738)
  14   128        85   I_1574/ZN (3909)
  15   128        85   I_1744/ZN (4080)
  16   128        85   I_1659/ZN (4251)
  17   128        85   I_1829/ZN (4422)
  18   128        85   I_1999/ZN (4593)
  19   128        85   I_1914/ZN (4764)
  20   128        85   I_2084/ZN (4935)
  21   128        85   I_2254/ZN (5106)
  22   128        85   I_2169/ZN (5277)
  23   128        85   I_2339/ZN (5448)
  24   128        85   I_2509/ZN (5619)
  25   128        85   I_2424/ZN (5790)
  26   128        85   I_2594/ZN (5961)
  27   128        85   I_2764/ZN (6132)
  28   128        85   I_2679/ZN (6303)
  29   128        85   I_2849/ZN (6474)
  30   128        85   I_3019/ZN (6645)
  31   128        85   I_2934/ZN (6816)
  32   128        85   I_3104/ZN (6987)
  33   128        85   I_3274/ZN (7158)
  34   128        85   I_3189/ZN (7329)
  35   128        85   I_3359/ZN (7500)
  36   128        85   I_3529/ZN (7671)
  37   128        85   I_3444/ZN (7842)
  38   128        85   I_3614/ZN (8013)
  39   128        85   I_3784/ZN (8184)
  40   128        85   I_3699/ZN (8355)
  41   128        85   I_3869/ZN (8526)
  42   128        85   I_4039/ZN (8697)
  43   128        85   I_3954/ZN (8868)
  44   128        85   I_4124/ZN (9039)
  45   128        85   I_4294/ZN (9210)
  46   128        85   I_4209/ZN (9381)
  47   128        85   I_4379/ZN (9552)
  48   128        85   I_4549/ZN (9723)
  49   128        85   I_4464/ZN (9894)
  50   128        85   I_4634/ZN (10065)
  51   128        85   I_4804/ZN (10236)
  52   128        85   I_4719/ZN (10407)
  53   128        85   I_4889/ZN (10578)
  54   128        85   I_5059/ZN (10749)
  55   128        85   I_4974/ZN (10920)
  56   128        85   I_5144/ZN (11091)
  57   128        85   I_5314/ZN (11262)
  58   128        85   I_5229/ZN (11433)
  59   128        85   I_5399/ZN (11604)
  60   128        85   I_5569/ZN (11775)
  61   128        85   I_5484/ZN (11946)
  62   128        85   I_5654/ZN (12117)
  63   128        85   I_5824/ZN (12288)
  64   128        85   I_5739/ZN (12459)
  65   128        85   I_5909/ZN (12630)
  66   128        85   I_6079/ZN (12801)
  67   128        85   I_5994/ZN (12972)
  68   128        85   I_6164/ZN (13143)
  69   128        85   I_6334/ZN (13314)
  70   128        85   I_6249/ZN (13485)
  71   128        85   I_6419/ZN (13656)
  72   128        85   I_6589/ZN (13827)
  73   128        85   I_6504/ZN (13998)
  74   128        85   I_6674/ZN (14169)
  75   128        85   I_6844/ZN (14340)
  76   128        85   I_6759/ZN (14511)
  77   128        85   I_6929/ZN (14682)
  78   128        85   I_7099/ZN (14853)
  79   128        85   I_7014/ZN (15024)
  80   128        85   I_7184/ZN (15195)
  81   128        85   I_7354/ZN (15366)
  82   128        85   I_7269/ZN (15537)
  83   128        85   I_7439/ZN (15708)
  84   128        85   I_7609/ZN (15879)
  85   128        85   I_7524/ZN (16050)
  86   128        85   I_7694/ZN (16221)
  87   128        85   I_7864/ZN (16392)
  88   128        85   I_7779/ZN (16563)
  89   128        85   I_7949/ZN (16734)
  90   128        85   I_8119/ZN (16905)
  91   128        85   I_8034/ZN (17076)
  92   128        85   I_8204/ZN (17247)
  93   128        85   I_8374/ZN (17418)
  94   128        85   I_8289/ZN (17589)
  95   128        85   I_8459/ZN (17760)
  96   128        85   I_8629/ZN (17931)
  97   128        85   I_8544/ZN (18102)
  98   128        85   I_8714/ZN (18273)
  99   128        85   I_8884/ZN (18444)
 100   128        85   I_8799/ZN (18615)
 101   125        87   I_11350/ZN (1611)
 102   125        87   I_177/ZN (1792)
 103   125        87   I_681/ZN (1965)
 104   125        87   I_472/ZN (2136)
 105   125        87   I_808/ZN (2307)
 106   125        87   I_980/ZN (2543)
 107   125        87   I_894/ZN (2714)
 108   125        87   I_1065/ZN (2885)
 109   125        87   I_1235/ZN (3056)
 110   125        87   I_1150/ZN (3227)
 111   125        87   I_1320/ZN (3398)
 112   125        87   I_1490/ZN (3569)
 113   125        87   I_1405/ZN (3740)
 114   125        87   I_1575/ZN (3911)
 115   125        87   I_1745/ZN (4082)
 116   125        87   I_1660/ZN (4253)
 117   125        87   I_1830/ZN (4424)
 118   125        87   I_2000/ZN (4595)
 119   125        87   I_1915/ZN (4766)
 120   125        87   I_2085/ZN (4937)
 121   125        87   I_2255/ZN (5108)
 122   125        87   I_2170/ZN (5279)
 123   125        87   I_2340/ZN (5450)
 124   125        87   I_2510/ZN (5621)
 125   125        87   I_2425/ZN (5792)
 126   125        87   I_2595/ZN (5963)
 127   125        87   I_2765/ZN (6134)
 128   125        87   I_2680/ZN (6305)
 129   125        87   I_2850/ZN (6476)
 130   125        87   I_3020/ZN (6647)
 131   125        87   I_2935/ZN (6818)
 132   125        87   I_3105/ZN (6989)
 133   125        87   I_3275/ZN (7160)
 134   125        87   I_3190/ZN (7331)
 135   125        87   I_3360/ZN (7502)
 136   125        87   I_3530/ZN (7673)
 137   125        87   I_3445/ZN (7844)
 138   125        87   I_3615/ZN (8015)
 139   125        87   I_3785/ZN (8186)
 140   125        87   I_3700/ZN (8357)
 141   125        87   I_3870/ZN (8528)
 142   125        87   I_4040/ZN (8699)
 143   125        87   I_3955/ZN (8870)
 144   125        87   I_4125/ZN (9041)
 145   125        87   I_4295/ZN (9212)
 146   125        87   I_4210/ZN (9383)
 147   125        87   I_4380/ZN (9554)
 148   125        87   I_4550/ZN (9725)
 149   125        87   I_4465/ZN (9896)
 150   125        87   I_4635/ZN (10067)
 151   125        87   I_4805/ZN (10238)
 152   125        87   I_4720/ZN (10409)
 153   125        87   I_4890/ZN (10580)
 154   125        87   I_5060/ZN (10751)
 155   125        87   I_4975/ZN (10922)
 156   125        87   I_5145/ZN (11093)
 157   125        87   I_5315/ZN (11264)
 158   125        87   I_5230/ZN (11435)
 159   125        87   I_5400/ZN (11606)
 160   125        87   I_5570/ZN (11777)
 161   125        87   I_5485/ZN (11948)
 162   125        87   I_5655/ZN (12119)
 163   125        87   I_5825/ZN (12290)
 164   125        87   I_5740/ZN (12461)
 165   125        87   I_5910/ZN (12632)
 166   125        87   I_6080/ZN (12803)
 167   125        87   I_5995/ZN (12974)
 168   125        87   I_6165/ZN (13145)
 169   125        87   I_6335/ZN (13316)
 170   125        87   I_6250/ZN (13487)
 171   125        87   I_6420/ZN (13658)
 172   125        87   I_6590/ZN (13829)
 173   125        87   I_6505/ZN (14000)
 174   125        87   I_6675/ZN (14171)
 175   125        87   I_6845/ZN (14342)
 176   125        87   I_6760/ZN (14513)
 177   125        87   I_6930/ZN (14684)
 178   125        87   I_7100/ZN (14855)
 179   125        87   I_7015/ZN (15026)
 180   125        87   I_7185/ZN (15197)
 181   125        87   I_7355/ZN (15368)
 182   125        87   I_7270/ZN (15539)
 183   125        87   I_7440/ZN (15710)
 184   125        87   I_7610/ZN (15881)
 185   125        87   I_7525/ZN (16052)
 186   125        87   I_7695/ZN (16223)
 187   125        87   I_7865/ZN (16394)
 188   125        87   I_7780/ZN (16565)
 189   125        87   I_7950/ZN (16736)
 190   125        87   I_8120/ZN (16907)
 191   125        87   I_8035/ZN (17078)
 192   125        87   I_8205/ZN (17249)
 193   125        87   I_8375/ZN (17420)
 194   125        87   I_8290/ZN (17591)
 195   125        87   I_8460/ZN (17762)
 196   125        87   I_8630/ZN (17933)
 197   125        87   I_8545/ZN (18104)
 198   125        87   I_8715/ZN (18275)
 199   125        87   I_8885/ZN (18446)
 200   125        87   I_8800/ZN (18617)
 201   128        85   I_8969/ZN (18786)
 202   128        85   I_9139/ZN (18957)
 203   128        85   I_9054/ZN (19128)
 204   128        85   I_9224/ZN (19299)
 205   128        85   I_9394/ZN (19470)
 206   128        85   I_9309/ZN (19641)
 207   128        85   I_9479/ZN (19812)
 208   128        85   I_9649/ZN (19983)
 209   128        85   I_9564/ZN (20154)
 210   128        85   I_9734/ZN (20325)
 211   128        85   I_9904/ZN (20496)
 212   128        85   I_9819/ZN (20667)
 213   128        85   I_9989/ZN (20838)
 214   128        85   I_10159/ZN (21009)
 215   128        85   I_10074/ZN (21180)
 216   128        85   I_10244/ZN (21351)
 217   128        85   I_10414/ZN (21522)
 218   128        85   I_10329/ZN (21693)
 219   128        85   I_10499/ZN (21864)
 220   128        85   I_10669/ZN (22035)
 221   128        85   I_10584/ZN (22206)
 222   128        85   I_10754/ZN (22377)
 223   128        85   I_10924/ZN (22548)
 224   128        85   I_10839/ZN (22719)
 225   128        85   I_11009/ZN (22890)
 226   128        85   I_11179/ZN (23061)
 227   128        85   I_11094/ZN (23232)
 228   128        85   I_11264/ZN (23403)
 229   125        87   I_8970/ZN (18788)
 230   125        87   I_9140/ZN (18959)
 231   125        87   I_9055/ZN (19130)
 232   125        87   I_9225/ZN (19301)
 233   125        87   I_9395/ZN (19472)
 234   125        87   I_9310/ZN (19643)
 235   125        87   I_9480/ZN (19814)
 236   125        87   I_9650/ZN (19985)
 237   125        87   I_9565/ZN (20156)
 238   125        87   I_9735/ZN (20327)
 239   125        87   I_9905/ZN (20498)
 240   125        87   I_9820/ZN (20669)
 241   125        87   I_9990/ZN (20840)
 242   125        87   I_10160/ZN (21011)
 243   125        87   I_10075/ZN (21182)
 244   125        87   I_10245/ZN (21353)
 245   125        87   I_10415/ZN (21524)
 246   125        87   I_10330/ZN (21695)
 247   125        87   I_10500/ZN (21866)
 248   125        87   I_10670/ZN (22037)
 249   125        87   I_10585/ZN (22208)
 250   125        87   I_10755/ZN (22379)
 251   125        87   I_10925/ZN (22550)
 252   125        87   I_10840/ZN (22721)
 253   125        87   I_11010/ZN (22892)
 254   125        87   I_11180/ZN (23063)
 255   125        87   I_11095/ZN (23234)
 256   125        87   I_11265/ZN (23405)
 257    64        63   I_11392/ZN (2444)
 258    64        63   I_11393/ZN (2454)
 259    96        31   C35712/Z (2427)
 260    96        31   C35711/Z (2442)
 261    96        31   C35709/Z (2448)
 262    96        31   C35710/Z (2452)
 263    63        43   I_11328/ZN (1567)
 264    63        43   I_89/ZN (1748)
 265    63        43   I_637/ZN (1921)
 266    63        43   I_406/ZN (2092)
 267    63        43   I_786/ZN (2263)
 268    63        43   I_958/ZN (2499)
 269    63        43   I_872/ZN (2670)
 270    63        43   I_1043/ZN (2841)
 271    63        43   I_1213/ZN (3012)
 272    63        43   I_1128/ZN (3183)
 273    63        43   I_1298/ZN (3354)
 274    63        43   I_1468/ZN (3525)
 275    63        43   I_1383/ZN (3696)
 276    63        43   I_1553/ZN (3867)
 277    63        43   I_1723/ZN (4038)
 278    63        43   I_1638/ZN (4209)
 279    63        43   I_1808/ZN (4380)
 280    63        43   I_1978/ZN (4551)
 281    63        43   I_1893/ZN (4722)
 282    63        43   I_2063/ZN (4893)
 283    63        43   I_2233/ZN (5064)
 284    63        43   I_2148/ZN (5235)
 285    63        43   I_2318/ZN (5406)
 286    63        43   I_2488/ZN (5577)
 287    63        43   I_2403/ZN (5748)
 288    63        43   I_2573/ZN (5919)
 289    63        43   I_2743/ZN (6090)
 290    63        43   I_2658/ZN (6261)
 291    63        43   I_2828/ZN (6432)
 292    63        43   I_2998/ZN (6603)
 293    63        43   I_2913/ZN (6774)
 294    63        43   I_3083/ZN (6945)
 295    63        43   I_3253/ZN (7116)
 296    63        43   I_3168/ZN (7287)
 297    63        43   I_3338/ZN (7458)
 298    63        43   I_3508/ZN (7629)
 299    63        43   I_3423/ZN (7800)
 300    63        43   I_3593/ZN (7971)
 301    63        43   I_3763/ZN (8142)
 302    63        43   I_3678/ZN (8313)
 303    63        43   I_3848/ZN (8484)
 304    63        43   I_4018/ZN (8655)
 305    63        43   I_3933/ZN (8826)
 306    63        43   I_4103/ZN (8997)
 307    63        43   I_4273/ZN (9168)
 308    63        43   I_4188/ZN (9339)
 309    63        43   I_4358/ZN (9510)
 310    63        43   I_4528/ZN (9681)
 311    63        43   I_4443/ZN (9852)
 312    63        43   I_4613/ZN (10023)
 313    63        43   I_4783/ZN (10194)
 314    63        43   I_4698/ZN (10365)
 315    63        43   I_4868/ZN (10536)
 316    63        43   I_5038/ZN (10707)
 317    63        43   I_4953/ZN (10878)
 318    63        43   I_5123/ZN (11049)
 319    63        43   I_5293/ZN (11220)
 320    63        43   I_5208/ZN (11391)
 321    63        43   I_5378/ZN (11562)
 322    63        43   I_5548/ZN (11733)
 323    63        43   I_5463/ZN (11904)
 324    63        43   I_5633/ZN (12075)
 325    63        43   I_5803/ZN (12246)
 326    63        43   I_5718/ZN (12417)
 327    63        43   I_5888/ZN (12588)
 328    63        43   I_6058/ZN (12759)
 329    63        43   I_5973/ZN (12930)
 330    63        43   I_6143/ZN (13101)
 331    63        43   I_6313/ZN (13272)
 332    63        43   I_6228/ZN (13443)
 333    63        43   I_6398/ZN (13614)
 334    63        43   I_6568/ZN (13785)
 335    63        43   I_6483/ZN (13956)
 336    63        43   I_6653/ZN (14127)
 337    63        43   I_6823/ZN (14298)
 338    63        43   I_6738/ZN (14469)
 339    63        43   I_6908/ZN (14640)
 340    63        43   I_7078/ZN (14811)
 341    63        43   I_6993/ZN (14982)
 342    63        43   I_7163/ZN (15153)
 343    63        43   I_7333/ZN (15324)
 344    63        43   I_7248/ZN (15495)
 345    63        43   I_7418/ZN (15666)
 346    63        43   I_7588/ZN (15837)
 347    63        43   I_7503/ZN (16008)
 348    63        43   I_7673/ZN (16179)
 349    63        43   I_7843/ZN (16350)
 350    63        43   I_7758/ZN (16521)
 351    63        43   I_7928/ZN (16692)
 352    63        43   I_8098/ZN (16863)
 353    63        43   I_8013/ZN (17034)
 354    63        43   I_8183/ZN (17205)
 355    63        43   I_8353/ZN (17376)
 356    63        43   I_8268/ZN (17547)
 357    63        43   I_8438/ZN (17718)
 358    63        43   I_8608/ZN (17889)
 359    63        43   I_8523/ZN (18060)
 360    63        43   I_8693/ZN (18231)
 361    63        43   I_8863/ZN (18402)
 362    63        43   I_8778/ZN (18573)
 363    66        41   I_11327/ZN (1565)
 364    66        41   I_85/ZN (1746)
 365    66        41   I_635/ZN (1919)
 366    66        41   I_403/ZN (2090)
 367    66        41   I_785/ZN (2261)
 368    66        41   I_957/ZN (2497)
 369    66        41   I_871/ZN (2668)
 370    66        41   I_1042/ZN (2839)
 371    66        41   I_1212/ZN (3010)
 372    66        41   I_1127/ZN (3181)
 373    66        41   I_1297/ZN (3352)
 374    66        41   I_1467/ZN (3523)
 375    66        41   I_1382/ZN (3694)
 376    66        41   I_1552/ZN (3865)
 377    66        41   I_1722/ZN (4036)
 378    66        41   I_1637/ZN (4207)
 379    66        41   I_1807/ZN (4378)
 380    66        41   I_1977/ZN (4549)
 381    66        41   I_1892/ZN (4720)
 382    66        41   I_2062/ZN (4891)
 383    66        41   I_2232/ZN (5062)
 384    66        41   I_2147/ZN (5233)
 385    66        41   I_2317/ZN (5404)
 386    66        41   I_2487/ZN (5575)
 387    66        41   I_2402/ZN (5746)
 388    66        41   I_2572/ZN (5917)
 389    66        41   I_2742/ZN (6088)
 390    66        41   I_2657/ZN (6259)
 391    66        41   I_2827/ZN (6430)
 392    66        41   I_2997/ZN (6601)
 393    66        41   I_2912/ZN (6772)
 394    66        41   I_3082/ZN (6943)
 395    66        41   I_3252/ZN (7114)
 396    66        41   I_3167/ZN (7285)
 397    66        41   I_3337/ZN (7456)
 398    66        41   I_3507/ZN (7627)
 399    66        41   I_3422/ZN (7798)
 400    66        41   I_3592/ZN (7969)
 401    66        41   I_3762/ZN (8140)
 402    66        41   I_3677/ZN (8311)
 403    66        41   I_3847/ZN (8482)
 404    66        41   I_4017/ZN (8653)
 405    66        41   I_3932/ZN (8824)
 406    66        41   I_4102/ZN (8995)
 407    66        41   I_4272/ZN (9166)
 408    66        41   I_4187/ZN (9337)
 409    66        41   I_4357/ZN (9508)
 410    66        41   I_4527/ZN (9679)
 411    66        41   I_4442/ZN (9850)
 412    66        41   I_4612/ZN (10021)
 413    66        41   I_4782/ZN (10192)
 414    66        41   I_4697/ZN (10363)
 415    66        41   I_4867/ZN (10534)
 416    66        41   I_5037/ZN (10705)
 417    66        41   I_4952/ZN (10876)
 418    66        41   I_5122/ZN (11047)
 419    66        41   I_5292/ZN (11218)
 420    66        41   I_5207/ZN (11389)
 421    66        41   I_5377/ZN (11560)
 422    66        41   I_5547/ZN (11731)
 423    66        41   I_5462/ZN (11902)
 424    66        41   I_5632/ZN (12073)
 425    66        41   I_5802/ZN (12244)
 426    66        41   I_5717/ZN (12415)
 427    66        41   I_5887/ZN (12586)
 428    66        41   I_6057/ZN (12757)
 429    66        41   I_5972/ZN (12928)
 430    66        41   I_6142/ZN (13099)
 431    66        41   I_6312/ZN (13270)
 432    66        41   I_6227/ZN (13441)
 433    66        41   I_6397/ZN (13612)
 434    66        41   I_6567/ZN (13783)
 435    66        41   I_6482/ZN (13954)
 436    66        41   I_6652/ZN (14125)
